function x = constSimMeasurementPointDistance()
%普通缓冲罐模拟的x对应距离
x = [0.5,1,1.5,2,2.5,3,3.5,4.802,5.302,5.802,6.302,6.802,7.302,7.802,8.302,8.802,9.302,9.802,10.302];

end

